-0.584907933872
-1.06100013594
-0.998892535236
-0.759847123624
-0.892838413012
-0.919156633966
-0.948718133697
-1.06377651285
-0.866817462748
-1.00038520691
-1.17277947108
-1.03893986774
-0.940238981042
-0.967962334932
-1.09325076492
-0.899063181269
-1.08607325386
-1.12341482204
-0.744268410473
-0.709565217467
-0.916084997444
-1.16262713721
-0.579057105072
-1.04696137281
-1.00857147644
-1.09631910429
-0.892838413012
-1.12341482204
-0.954358838577
-1.1174248813
-1.04696137281
0.245939300147
-1.0178622821
-0.584907933872
-0.789385661726
-0.584907933872
-0.981198765164
-0.965003596504
-0.948974143032
-1.01483839691
-1.07434195373
-0.823438302993
-0.943708706104
-1.05641663575
-1.21369857992
-0.831567328484
-0.846767969975
-0.731259080844
-1.24499842116
-1.06604301639
-1.02954030033
-0.999482865563
-0.962537897559
-1.00205972254
-0.976694747063
-1.07901744632
-0.927771162929
-0.788318810167
-0.822667665619
-0.895683955022
-0.997831411715
-0.846767969975
-0.731259080844
-0.676920796999
-1.00205972254
-0.894757083962
-1.0852645491
-0.967009109825
-1.10355838554
-1.04181380201
-0.934367799027
-1.030444866
-1.00657190031
-1.03955264523
-0.951570226179
-1.03261348596
-0.788318810167
-1.04433739551
-0.895047947348
-1.09442918918
-0.977983981997
-1.10277653583
-0.866798533676
-1.05544393258
-0.962294305977
-1.15839456264
-1.11854948066
-1.09428405707
-0.973017610874
-1.12656704613
-1.08638449055
-1.11354633501
-1.23815661372
-1.08369036668
-1.0955567366
-0.903506160972
-1.00916653093
-1.04627581216
-1.19723656755
-1.22018763056
-1.16158141613
-1.00547434186
-1.08919587128
-1.11607457726
-0.973580547808
-1.06164422836
-1.08600775075
-1.15160450071
-1.02593481857
-0.806810722879
-1.05021257528
-1.02369016983
-0.991173598959
-1.20841508329
-0.952955758067
-1.13693447925
-1.14238399087
-1.04729117117
-1.1091726916
-1.18412275104
-1.01003346283
-1.07873057431
-1.16814037165
-1.09214552774
-0.941435600293
-0.913039709223
-1.18680462235
-1.14794927171
-1.12981336995
-1.08474328614
-1.0787858131
-1.05517396381
-0.90379080399
-1.09460277573
-1.23370279015
-0.957488778318
-1.03259338273
-1.00334710319
-1.19467497094
-0.764244227252
-1.21080867696
-1.19506270464
-1.03466193613
-1.03339795788
-1.01302330089
-1.29494790259
-1.06602821808
-0.967895488304
-1.09442918918
-1.18270128411
-1.08489423969
-0.849699007202
-0.901618041932
-1.05912711162
-1.00083944628
-1.10974702737
-1.15276873679
-1.1768615481
-1.03038331895
-0.964400265622
-1.04824733471
-0.978756163267
-1.09666802271
-1.0379796509
-1.17833666467
-0.827184207106
-1.04795662612
-1.00507694159
-1.07308754988
-1.17497562712
-0.856958297159
-1.07356840552
-0.848947422659
-0.879457885365
-0.991424698319
-1.05639456927
-1.0964307958
-1.0402760275
-1.02253173085
-1.15950623139
-0.90921377378
-1.00583780829
-1.09219189452
-0.795159251343
-0.574026258439
-1.13876803282
-1.04428059157
-0.931532514935
-1.19253835577
-0.772708374858
-0.980647472521
-1.02393259969
-0.893656913745
-1.08049958946
-1.01798971183
-0.992732158101
-1.01318274345
-1.15428762342
-1.16159002989
-1.09088284905
-1.05515749125
-0.972803279853
-1.21989682809
-1.15462716486
-1.15174222352
-1.07646092344
-1.14131769037
-1.03947742033
-1.06825742581
-1.02155632993
-1.0058438863
-1.15237606195
-0.993481628572
-1.1135215361
-0.951511727793
-1.02808872583
-0.983759722911
-1.05181519417
-1.0572987335
-1.10109048207
-0.937266168316
-1.06751904263
-1.00322572205
-1.18749013206
-0.998345640661
-0.927661693856
-1.05334214706
-1.09689501214
-1.02857390343
-1.22067836614
-0.955939857918
-0.991338000185
-1.0335377874
-1.17698951202
