-0.974175564467
-0.934535532104
-0.776154108571
-0.92845997662
-1.03520921565
-0.840302156132
-0.97232447813
-1.04573677369
-0.983055986768
-1.01249846054
-1.01527923832
-0.954648598824
-0.916451091144
-1.00991219404
-1.03388517253
-1.02757354431
-0.933348365274
-1.02333420044
-0.939997130506
-0.720516311876
-0.829768353981
-0.991641940704
-1.10219849898
-0.907916976334
-1.05030134469
-0.983401512915
-1.03520921565
-1.02333420044
-0.999399480656
-0.979919558159
-0.907916976334
-0.603986752525
-1.09164902656
-0.974175564467
-0.857748949213
-0.974175564467
-1.05952976829
-0.972356980153
-1.05304629223
-1.14506433897
-1.0937128668
-0.968219837393
-0.572377579614
-0.916065701116
-1.08264154107
-0.78423492168
-0.656258504152
-0.830005653198
-1.17144280793
-1.00102252901
-1.01349457589
-0.950836877935
-0.746171176707
-1.10185978466
-0.827248178982
-1.00748291173
-0.405061555976
-0.697327485162
-0.796950852876
-0.575944873094
-0.703279363091
-0.656258504152
-0.830005653198
-0.947083476377
-1.10185978466
-0.975755527545
-1.11477406966
-1.14390209043
-0.668513069871
-0.694645647105
-0.701656954149
-0.735035314172
-1.06596508363
-0.782941308719
-1.03822333199
-0.787425288304
-0.697327485162
-0.726249492982
-0.332638706127
-1.03854775221
-0.773788034913
-0.980949969543
-0.872033618113
-0.824984666965
-0.974304829004
-0.956932663048
-1.03087837525
-0.953891720269
-1.05478341068
-0.955983833471
-0.967646841246
-0.95651906528
-0.795025505183
-0.916868521846
-1.04069676954
-0.990057759607
-1.01689869352
-0.944531408716
-1.10279511005
-0.976905924371
-1.2405054358
-0.968940770204
-1.10934923338
-1.00812127671
-0.909310072101
-1.04073518276
-0.964901864901
-1.073706707
-1.07509716376
-0.853343757464
-1.02638241524
-1.11528844214
-1.12801230183
-1.00666048216
-1.02224176486
-0.974096900902
-1.15582880043
-1.11175241699
-1.06719504368
-1.05971274415
-1.12583502371
-0.986683419677
-0.977653138158
-1.06512227814
-1.01693310331
-1.137212829
-1.06928479502
-1.07220379374
-1.06995578653
-1.04045669519
-1.01569627029
-1.1166933759
-0.982581138799
-1.0829963199
-0.960127736373
-1.025526568
-1.02180015077
-1.00274509265
-1.03252605516
-0.842172732322
-0.882834216688
-1.07313643611
-1.06619666705
-1.06663239817
-1.03315408887
-0.939946544998
-0.847177685942
-0.958083172599
-1.03854775221
-1.07897538297
-0.985618802252
-0.954739553865
-1.09614721356
-0.999993231695
-0.969499370158
-1.03417865794
-0.953545385878
-1.0825273479
-0.903994645672
-0.940038201882
-1.05121372814
-1.05813384344
-1.01425454662
-1.07656615729
-1.01044872727
-0.935933170412
-0.951183465939
-1.0174831702
-1.0639971048
-0.882497892863
-0.97611275747
-1.00569580786
-1.07347614956
-0.959626518836
-1.00111311299
-1.07994331438
-1.12862514877
-0.97323557422
-0.933020276884
-1.09497288155
-0.996118978174
-0.899542528057
-1.02922267345
-0.94207333937
-1.04245883672
-0.991511254605
-0.960987143014
-0.938966831102
-0.989773259559
-0.954488886635
-0.965198919745
-0.96048266098
-1.02381918259
-0.97325221335
-0.935760556076
-1.03681416679
-0.976889511861
-1.13163979364
-1.14223832287
-1.01797113199
-1.04803286807
-1.12439599462
-0.953281353082
-0.998643811707
-0.913355875372
-1.13000017933
-1.11787915794
-1.05686488459
-0.89936514114
-1.04535535904
-1.06782853535
-0.959564214232
-0.885752875109
-0.967818181806
-1.10527736866
-0.839963836665
-1.09452146265
-1.00925302899
-1.03830979774
-1.05338552035
-0.865870022271
-1.13537266558
-0.993892609803
-1.03306422734
-0.989635238233
-0.740604411013
-0.95092044513
-1.09303179074
-1.01401560135
-1.0242141623
-1.15114138577
-1.20570974912
-1.02295784059
-0.969557632034
