-0.984484004181
-0.888931841852
-0.988191775819
-0.981702106867
-0.976959828911
-1.07806642975
-0.951404285782
-1.02150459133
-1.09841451969
-1.04864667215
-0.794197905092
-0.908862220915
-0.922392746964
-0.967178728552
-1.02714680532
-1.06551868945
-0.832919273254
-1.05008450424
-1.06461143978
-0.904117546851
-0.943978800168
-0.895193014239
-0.975875984017
-1.02686835099
-1.02769562351
-0.99469625058
-0.976959828911
-1.05008450424
-0.971872009931
-0.937756410639
-1.02686835099
-0.969875801456
-1.00565477399
-0.984484004181
-0.914445066929
-0.984484004181
-1.0284776723
-0.943351267655
-1.07191509455
-1.01745578541
-1.01306659542
-1.05769859067
-0.999015683557
-0.98658040339
-0.965382127985
-1.03060751303
-1.0423716216
-0.952923443668
-1.00424863246
-0.862387333511
-1.04590929901
-0.984053258902
-1.10484957926
-1.07715903767
-0.948904596225
-0.991562686679
-0.69856965939
-0.840761826604
-1.17275302186
-0.925418685671
-1.04473706606
-1.0423716216
-0.952923443668
-1.06666393105
-1.07715903767
-1.15892735458
-1.13831092671
-1.0118064189
-1.00783363066
-1.00533444996
-0.903909076623
-0.962082421416
-1.03126004083
-1.00155350876
-0.99369158106
-0.88411679798
-0.840761826604
-1.02940305299
-0.866508357821
-1.00006283464
-0.97237249449
-1.00720384863
-0.878841359473
-1.04627789895
-1.04092846898
-0.84318698113
-1.01573076317
-1.02488432607
-0.986670330031
-1.01242112092
-0.919599774874
-0.740595044677
-0.855663158819
-0.965382604753
-0.994362293227
-0.861615381196
-0.886882101284
-0.92149368471
-1.01709731281
-0.906335838908
-0.992993170622
-0.923803968994
-0.957191010925
-1.00906911598
-1.08163931939
-0.935980437966
-1.03067555337
-0.992928893317
-0.929268581756
-0.935066896358
-0.878388524887
-1.01204347609
-0.929292624988
-0.984982753978
-0.969946340249
-1.0103372878
-1.01343001622
-0.952715340038
-0.812040893285
-1.06433403991
-0.951602757374
-0.98426618529
-0.91377674932
-0.999718201054
-0.903972134695
-1.106310894
-0.814585051255
-0.943973447953
-1.01730711286
-1.11215858957
-0.97827483051
-0.958443325243
-0.99617356198
-0.991998676997
-1.03672154999
-1.08247677498
-0.97942495371
-1.14048186999
-1.03911909463
-1.10945980203
-0.934129559381
-0.98616034496
-1.00023099411
-0.954646966686
-1.08985705229
-0.987153533886
-0.812014183563
-0.978806121013
-1.00006283464
-1.09865642924
-0.944977979045
-0.943912940729
-1.0002031997
-1.0835232105
-1.03690664409
-1.07442557878
-1.02214107192
-0.994401641538
-1.08412440764
-0.928865301585
-1.01602059555
-1.07143450851
-1.0726922455
-1.0215792306
-1.11978004753
-1.10523759549
-0.985506451207
-1.02290700626
-1.02161118525
-1.00051939852
-0.929159814827
-0.918372634448
-0.97245659806
-0.979598776665
-1.03700780467
-1.0556138756
-0.95253103521
-0.924291968088
-0.953304513484
-0.868308224604
-0.949792809526
-1.02705274262
-1.05889881881
-0.92183495401
-0.978791046889
-0.857004119352
-0.988718637872
-0.979826009473
-0.95081293144
-0.965870089797
-0.998977571996
-0.983925636691
-1.01360558166
-1.05392895242
-0.987894503084
-1.03475352969
-0.991892662702
-0.946912325803
-0.900032873679
-1.00184483656
-0.984980690127
-0.865902089561
-1.02841109774
-0.948337516856
-1.02114764601
-1.00214058263
-0.957152027955
-1.03362698625
-1.0257440163
-0.939555239185
-0.927899211721
-1.03209474175
-1.00244102533
-0.860469987508
-1.02936902785
-1.03124139785
-0.931407291033
-0.997978928212
-1.01273171972
-1.09482003628
-1.05436062927
-1.05228552697
-1.05415419829
-0.957963189397
-0.895639903044
-1.04518324152
-0.976834044611
-1.03469358196
-1.05197504579
-0.956783316151
-0.979854764648
-1.01269404547
-1.03278777528
-0.998938962023
