-1.21859415094333
-0.985425486455667
-0.933690883906
-1.01891909026167
-0.898328364716
-0.866097584070667
-1.01301963107967
-0.931175997052
-1.04264299659767
-1.024241271318
-0.372134052765667
-0.431623613415667
-0.763978462432
-0.983081350411333
-0.902714847757333
-0.895440475822
-1.16224466213667
-0.955722498393667
-1.17095021408133
-0.285986560814667
-1.08624807420467
-1.07094306195567
-1.04922053144233
-0.974945429014
-0.805534070811
-1.02976459172233
-0.976672734999333
-1.07418196847933
-1.11201348856067
-1.05668662135867
-0.856190769693
-0.2167502602769
-0.777743939538
-1.26050031614667
-1.19365809572333
-1.07651098706
-0.854065478254667
-1.01183478177533
-0.871710263695
-1.02289676614067
-0.5715362142
-1.12910523507333
-0.841726443576
-1.061928032471
-1.03008717142033
-0.433938407343667
-0.935700212860667
-1.116236112744
-0.773402829854333
-0.770362769857333
-0.960067453318333
-1.07405548217733
-0.585332047208333
-0.880803646642333
-0.940495288366667
-0.99393792015
-1.19115789259333
-0.98407290298
-1.11422022122333
-0.26748622784
-1.034273384878
-1.03979987152633
-0.901335180061333
-0.741369856401333
-1.13618835755633
-0.829131770712667
-1.08254349125133
-1.054746747528
-1.00198730174333
-1.052817673214
-0.967239026031667
-0.875527733619333
-0.715178243901
-1.066887909674
-1.07605575207633
-0.998980161777667
-0.681723513518
-0.977911116909667
-0.935784254038
-1.04659224451833
-1.18883420465
-0.584712842060667
-0.976933456684667
-0.790327905695333
-0.898017024473333
-1.19564778275867
-0.984551770485333
-1.096247390395
-0.572870984784
-0.740835594874333
-0.958182377214667
-1.00809867431733
-0.925677058572333
-1.095608954073
-1.19240065471333
-0.569329216494333
-0.738940731879667
-0.927234182693667
-1.15827175116667
-0.796251514273667
-1.089809065571
-0.838152887042333
-1.047089668634
0.272992926657733
-1.16927337674333
-0.860309596370667
0.16293139842306
-1.001073893138
-0.809971610354
-0.801201203687333
-1.028244473259
-1.088179311434
-0.996182647036667
-0.777481258833
-0.904814622165667
-0.972264117467
-0.929253809297333
-1.05610751708467
-0.804550687161333
-1.04476955262
-1.02058037539767
-1.011967886752
-1.09398874096633
-1.020016220382
-1.00983025367133
-0.738517514149
-1.07968687990367
-1.04559238023833
-0.890561934925
-0.92563447209
-0.717358917136333
-1.137286402966
-0.828870366675
-1.062142167496
-1.09064799994233
-0.810216593797
-0.906611116286667
-0.904979849243
-0.713730207396667
-0.976177720043
-1.14780730979
-1.09304044705767
-1.06009679649333
-1.09106811501067
-0.694583092811
-0.928034785735
-1.15316656459
-1.082053141193
-1.09820159215333
-0.838533754417333
-0.877452781156667
-1.00326992767667
-0.701225988800333
-0.878346206152
-1.07667519384
-1.11230819864133
-1.09094905021967
-0.918922714326
-0.845034087419
-0.154178536707333
-0.893824783837
-1.05531458969367
-0.964545250981
-0.491428528139
-1.01631333362667
-0.604791212371
-1.041522753931
-0.846055298760667
-0.702080520666
-0.817120107977
-0.412679683788667
-1.02237038446767
-1.00291951076067
-1.06380983974433
-1.02509345193533
-0.984381304111667
-0.945576244425
-1.077583915867
-0.777183498162667
-1.010846015593
-1.13034546125
-0.79080750446
-0.999898300063667
-1.15097814990633
-0.909957027107
-0.638754970150667
-1.06442870993667
-0.946473591433667
-0.783375956166333
-1.01875315627533
-1.025372829026
-1.02422093739933
-1.10311530811
-0.803356213352333
-1.14671463673
-1.020854361104
-1.067019912952
-0.648301912279
-0.219929840405667
-0.957361649557667
-1.17385496096133
-1.18047071627667
-0.745433564507667
-1.17502744073667
-1.07786297460667
-0.867082870755
-0.755853171229667
-0.882483589203
-0.576657896566
-0.645053978400333
-0.972758014681333
-0.874319933956
-1.13215665170333
-0.899673952030667
-1.13570917692833
-0.909839999853667
-1.06470780079267
-1.08005914273567
-1.01795531844033
-1.028372271479
-0.883679475421333
-0.892978984879333
-0.900578017805
-1.02192296572733
-1.00815345295033
-0.784714850935333
-0.927663573667667
-1.076364534843
-0.915221649938667
-0.882090309569667
-1.06478540066767
-1.14331981655333
-0.503765900944333
-0.849248422532
-0.726446904277333
-0.857625087928667
-1.073630974149
-0.5227105663124
-1.05340436148167
-1.13314546556667
-1.03039156228133
-1.03773414154867
-0.979948401403667
-0.878529514049
-0.998996999151
-0.991352617900333
-0.229427221387667
-1.07773683197533
-0.955583496771
-0.951546163923333
-1.09877536899733
-0.950458897141
-0.397512492306333
-0.919379827554
-0.804760927772
-1.08485805979333
-0.87038785336
-1.065972754917
-0.972036905930667
-0.893070069814667
-0.656053066122333
-1.097022257171
-0.921852974861667
-0.014941701295
-0.793925028630667
-1.008251966158
-1.02185632869833
-0.942680881471333
-1.13785262090367
-0.94974988477
-1.12547337783
-1.12364762280667
-0.997580303021
-0.746679646308333
-1.10958159354667
-1.01850345572467
-0.782702417431
-1.07328346501067
-0.964877750431
-0.717150951388667
-1.04095077730667
-0.97429531585
-1.107480260972
-0.800211330728667
-0.885743058920333
-1.095769005814
-1.14928144907333
-0.884463124605333
-0.536317516885667
-1.05790212370333
-0.851810216014
-1.13600668464
-1.11659144558667
-0.792024401588
-1.00852277941167
-0.794496070439333
-1.08398967521067
-0.952619708854333
-0.844300566537333
-0.572284755346667
-1.17809210050667
-1.17781706398333
-0.953987896188333
-1.11705613434667
-0.951931328210667
-0.629204108398333
-1.13385708434333
-0.977621254751333
-0.962997773393333
-0.874075445766667
-0.992880457921
-0.706681205862667
-0.819931463898333
-1.10726399441
-0.872486261305333
-1.14383394318467
-1.036856322571
-1.02530753183733
-0.920907781298333
-0.998719295165667
-0.839073418413333
-1.08022181989067
-1.09164852776433
-1.16832644403
-0.965082868946667
-1.17628330244333
-1.10539064026967
-0.939950507597333
-1.02662577057833
0.192536930137
-0.905065207544667
-0.767202851735333
-1.12024115855
-0.989975643507
-1.008882534547
-0.736647272929667
-0.992863099607666
-1.026267216939
-0.698446568955667
-0.854145169924
-1.045796124598
-1.11457128421667
-0.840707458149
-0.853442394427667
-0.598544029966333
-1.07618989932667
-1.08865666117
-1.05053877301367
-0.893154132410333
-0.861141202278333
-1.22826388508
-0.840738144255333
-1.09262293833033
-0.856735234256333
-0.702332823044
-1.10456039212333
-1.16091726347
-0.924444744329667
-1.11318253305533
-1.26474047687667
-0.959743836298
-0.999167991654667
-0.981217210266667
-0.743212855336333
-0.902071657799667
-0.663766905010667
-1.11626586520133
-0.1296856366129
-1.04553231324867
-1.19550763901333
-0.836293980046667
-0.982525054747667
-0.849936116919
-1.03440316645967
-1.10682809674667
-1.088145469392
-1.080628948754
-1.13147064094467
-0.929734685077667
-1.02537633768
-0.88712258374
-0.833462920029667
-0.539722138159333
-0.944322856067667
0.436968451964933
-1.09404221133333
-0.785778706023
-1.02658417111067
-0.969493332664333
-1.095282430847
-1.13166201449333
-1.001255212839
-1.09622004927367
-1.04550263291167
-1.02870245280767
-1.11805347988333
-1.172742749556
-0.966057567878
-0.0697023287831666
-1.055432716336
-0.541715323686333
-0.932002608668
-0.977792695723333
-0.901236896373333
-1.002517983578
-0.59037504704
-0.779916140663667
-1.17144373512
-1.099488605694
-0.971607215573667
-1.01941969868767
-0.0677354612366667
-1.19205738847
-0.5843605827933
-0.4504573757554
-0.749297170294333
-1.02303673328167
-1.16925852268333
-0.765162898517333
-0.947881171254333
-0.676041773884333
-1.049016655037
-0.484074826827233
-1.064686300592
-1.02798489676633
-0.991720682587
-0.984223931812
-0.5886454976036
-0.601975706490667
-0.1795108655176
-0.719265297769333
-1.08764297961033
-0.855672723674333
-0.836237666665667
-1.029903860444
-1.037991326644
-1.07433214083733
-0.932406817941
-0.759368795891333
-0.88481650495
-0.981057324491333
-1.10929530264667
-1.1677590781
-0.985198897809333
-1.07947811484
-0.682604769418333
-1.05234087872333
-0.369038137201333
-0.710354785300333
-0.969722959937667
-1.244229725299
-0.679678451613667
-0.928261557478333
-1.160610616588
-0.980879680325333
-1.031906509079
-0.880921549270667
-0.909311205569333
-1.1490724666
-0.91376934854
-0.5232482507098
-1.15682024838333
-1.03050238636067
-1.024788284527
-0.975481657756
-1.12440134235333
-1.02737140788367
-1.1898592662
-0.754900444835333
-0.852634212357333
-0.608635949573667
-0.779367331038
-1.11479362302433
-1.00902337038233
-0.883296441344667
-0.815553884405
-1.09462297198433
-0.643054297941
-1.05627432832333
-0.859360281393333
-0.788274911816333
-0.631371498920667
-1.05328646965767
-0.3520560711296
-0.94588017071
-0.844142023669667
-0.857172582255667
-0.00460628692020002
-0.960336159158333
-0.717108029284667
-0.973874353739333
-0.876481801759
-0.944112011323667
-1.06703158702733
-1.10608317419667
-1.19770177890333
-1.18522231683
-0.989479917403667
-0.795854367595
-0.748771145415333
-0.968762350248667
-0.930094919700667
-1.16787183663667
-0.940661226228333
-1.13836474359667
-0.719151495277667
-0.729997280123
-0.956460481027667
-0.780820669795333
-0.708403596774333
0.886070767769333
-0.919297495772
-1.17476282522667
-0.952393999166333
-0.336517059860303
-0.863688734700667
-0.202422726872667
-0.995347688494667
-0.881261384887
-1.06480269790467
-1.2194794717
-1.23586381801167
-0.789992066832667
-1.00021595266
-0.918834784629
-0.767517483996333
-0.970024789804667
-0.756288993967333
-0.741044277167333
-1.00442151383967
-0.979338637944667
-1.19496187661
-0.991153813024667
-0.851117184837667
-0.858966161323333
-0.894995229774
-1.073149954838
-1.04469983743
-0.896084300171333
-0.923176169497333
-0.940632536437333
-0.745001969970667
-1.10933724745333
-0.982774898966
-0.914991549810667
-0.931917883144
-0.722780918289
-0.4434118667578
-1.10069159338
-0.881019847598
-0.638715901184
-0.968825851691333
-0.791376194705
-0.939567408525667
-1.08113064999
-0.905477937738333
-0.903306858771667
-1.084446310161
-0.890694126501667
-1.05278931438667
-0.659356202864333
-1.11887539667
-0.758674130847
-1.05791902400667
-0.417496424276667
-1.23312566435
-0.779901125297
-0.986549234961333
-1.03347996297133
-1.13309308895
-1.088848429212
-1.078977453207
-0.630300371446
-0.998475135955667
-1.10095213166767
-0.688655916219333
-1.00867461730167
-1.064219273352
-1.01114355689167
-1.08866801598667
-1.064846054749
-1.06218858734767
-0.816085467967
-1.05583697887567
-0.604865657950667
-0.791926827640333
-0.731171008459333
-0.702820046778333
-0.964587853232
-1.08729848047
-0.880903762455667
-0.949189143738333
-0.942460369210333
-1.07903098506333
-1.10025654328367
-0.685945368772667
-0.992720492551667
-0.812815474139
-0.762677488383333
-0.642353554044333
-1.004462455864
-1.08604215170167
-0.555356225915333
-1.032934758619
-1.04386389850667
-1.063626331022
-1.15806837346333
-0.818087858211
-0.579748752797667
-0.830447621274667
-0.808375793346667
-0.857951553149333
-0.120506532678
-1.04152323956233
-0.953657324726667
-1.12116788674533
-0.844822883391
-0.981329109012333
-0.4573823073356
-1.05707728192333
-1.20041325131667
-1.07527017942667
-0.717314538369333
-0.837466111186333
-0.939461851796
-1.08701218427
-1.21633373354333
-0.997021172328667
-0.830758828015667
-1.16397074862833
-0.898606755628333
-1.083741508412
-1.14514441189433
-1.060015333837
-1.035349385222
-0.887686300325333
-0.927476574499
-0.873788854943667
-1.17706887404333
-0.81512697986
-1.22723969758667
-0.391970816663767
-0.89778160183
-1.06294953877933
-1.016057764833
-0.653135758536
-0.756956059699
-1.11078410846
-1.10361726809
-0.786332828573333
-0.978871250297333
-1.19108238359
-0.922518081333
-0.936537283322
-1.19121836168233
-1.010271615714
-0.818489285343667
-1.01644177909933
-1.14164789733
-0.617656824062
-0.946459492573667
-0.828371030001667
-1.04117197465467
-1.018034920192
-0.995331182384333
-0.806538711065667
-1.20677589180333
-0.993575490676333
-1.00883515067133
-1.06294719091433
-1.09909538904467
-0.993691010202
-1.17213522802667
-1.12007749757367
-0.936273296452
-0.971034959829333
-0.597581956992
-0.853432346012667
-1.0308707828
-0.923763765978333
-0.954800438842
-1.017187342267
-0.968201106489333
-1.01894978176267
-0.846615416833667
-0.681744015331333
-0.921867906591
-1.11758033323
-1.06039409785
-1.00206054371267
-0.947468673350667
-0.993804385978
-0.815879230265
-1.13757625871333
-1.040265627493
-0.930728685070667
-0.82996827477
-0.839597805520333
-1.01250028038267
-1.056592398402
-1.07552461767667
-1.059740411378
-0.656504426770333
-0.613816347640433
-0.859862967655667
-1.18220864142333
-0.894714813246667
-0.690167374091667
-0.895995438414667
-0.811367367429333
-1.01990872872433
-0.709246360644667
-0.973077342239
-0.982137538797667
-1.098271255855
-0.857896136866667
-0.624911071288667
-0.838067568342333
-0.857359364562667
-0.9814223254
-0.738817319249667
-1.02592242962467
-1.17689641921
-1.019330892216
-1.11684282032
-1.128632230714
-0.970485113658
-1.14007069735333
-0.637547095918333
-0.717000625066
-1.059578801463
-1.11962661350333
-1.01977535751833
-1.05776500135167
-0.303313896333
-1.05954258530067
-1.00765897708233
-0.848566432787667
-0.912083970823667
-0.779403613456667
-0.957147800051
-1.04638858361667
-0.865818302586
-1.09985636557333
-1.01527625469067
-0.779052189507667
-1.06730463273333
-0.780964364206333
-0.496175998492367
-0.963745016414667
-0.794966838848
-0.669592939668
-0.747440697487
-0.793018439790667
-1.057450950044
-0.842029108962
-1.10263980690267
-0.997509183288333
-0.807556261866333
-1.146264585277
-0.973274982679667
-1.00465148369533
-0.862531924975
-1.26962138316333
-0.919218642052333
-0.571463335316433
-0.937721660462
-1.01341257462367
-1.01381057455933
-0.926879492632333
-0.93878520015
-1.01967837737967
-0.8840050736
-1.251263220603
-0.976070953575667
-1.20285106558667
-0.921193344855667
-0.921212970364
-0.707056962619
-0.578999978543333
0.0749461112813333
-0.124292827207667
-1.15548468230667
-0.942441216515667
-0.365629638706333
-1.039797477529
-1.07905451023233
-0.966236535296333
-0.981580434851667
-0.776191679403
-1.02479937605033
-1.00031238229967
-1.01866200116933
-1.02163372627567
-1.15980448402
-1.03657433326467
-1.10539578573667
-0.668049225617333
-1.11230733216133
-0.933217732893667
-0.959129719271
-1.12118294510333
-1.01647455835167
-0.945009842588
-1.01049744032167
-1.0743114502
-0.88982604024
-1.02185808900033
-0.901734388843667
-1.11766328413867
-1.04985183050233
-0.870160663884333
-1.06324836930133
-0.838675228739667
-0.906943002048667
-0.347784316569
-1.06562217654567
-0.699472887593
-1.09762552051333
0.315036824555667
-0.990478112724667
-1.04011157413667
-1.10208702054333
-0.961581864093
-0.678208560101333
-0.854440595976667
-1.13041485882667
-0.954553030956333
-0.966583183842667
-0.848204166330333
-0.815384147055333
-1.00749029391667
-1.126964388612
-1.07863277677333
-1.08129003193667
-0.854756047609
-1.053160449915
-0.817174662826
-1.02872451141433
-1.12316885086667
-0.706143959121333
-1.010142501344
-1.03330288515667
-0.889372614898667
-0.878449269139333
-1.12781343741
-1.10368990734833
-0.6186503566
-1.16048505471667
-1.01692232638367
