-1.45747024919
-1.14310491910333
-0.856731374426667
-0.635378922451667
-0.516349757568667
-0.190432804713667
-0.508508990267
-1.13179768638
-0.788616261153667
-0.928471704129
-0.0356391184492
0.130714367354243
-1.10042231406833
-0.958513606853667
-1.02959815636767
-1.02515968981067
-1.26412751812333
-1.010317900175
-1.34988141054667
-0.30826513512024
-0.622445855944333
-0.932599110562
-1.25087131004333
0.0685739301026033
-0.0843767562562
-0.979306438736
-0.904953653509
-1.01431176994833
-1.38229075052333
-1.004882970871
-1.19634335779733
-1.16968915894867
0.448262752282667
-1.37270803556967
-1.37393995390667
-0.920361490592333
0.104658296001
-1.034325789719
-0.615425826818333
-1.079018003137
-0.374021761363
-1.28658027147
0.917819008297333
-1.12591059231233
-1.25450220044133
-1.002306205986
-1.12333804689333
-1.26296003234667
-0.639164105274333
-0.400020466403667
-1.117921896616
-1.19336489042933
-0.880082551783333
-1.19200128472667
-0.729539093370333
-1.24913649145333
-1.131079549552
-1.12152416850667
-1.12415953822333
-0.784246844953333
0.490106129876667
-0.980657372118333
-1.00102574525867
0.764795041421667
-1.180162959438
-1.34339718098
-1.033563133052
-0.935771343438333
-0.364408413401
-0.784720675892333
-1.13892267475333
-0.650097836813333
-1.08056635028467
-1.34118939225333
-1.21123893106
-1.01269975009533
-0.382712069350667
-1.20610161458
-0.950371439990667
-1.38196526418667
-1.23652551600667
-0.658950500320333
-1.10934181033767
-0.773553160985667
-0.757484895936667
-0.853196971587333
-1.24504455748
-0.985609884039333
-0.670699216633667
-0.895227426144333
-0.784954490149667
-0.351890167361733
0.2703197308566
-1.13629201431667
-1.33078429562667
-0.369262492347667
-0.95993436187
-1.32673612325667
-1.05806936866467
-0.769696038174
-1.17053105120333
-0.794259519080667
-1.14904990302
-0.502801335680667
-1.19258613726667
-1.05379697131733
-0.525756197293333
-1.24986327914333
-0.366790459162
-0.706022279143333
-0.918737656383333
-1.06296518500433
-0.718607809577667
-1.15561359804333
-0.709240125481333
-1.24534230993667
-0.528293363025667
-1.01491676054067
-1.12389595241333
-1.13768227254333
-1.03447235997167
-1.12888162623067
-1.01586300197567
-1.41756809633
-0.693009635005333
-0.945207223297
-0.693978096732667
-1.16673517620667
-0.998439750332667
-1.20589462886933
-1.24818217512333
-0.970060853624
-0.743121256943667
-0.983616052859
-1.40741967064
-0.873780060819333
-1.30508700408
-0.492661548787667
-1.15110266006133
-0.957236994519667
-1.20346549701667
-1.31268786975
-1.00763500131767
-1.04708383623267
-1.151399381891
-0.564402251501333
-0.913861920422667
-1.07260398461767
-0.945215280333667
-1.060829411496
-1.027170756417
-0.540138668765667
1.06240995376233
0.531438000892
-1.05482845624733
-0.542667424875333
-1.46440715523
-0.999441257117
-1.12132634374333
-0.931858703533333
-0.902104177362333
-1.32066541154667
-1.37698969396667
-0.572317088849667
-1.02436018548133
0.877983605520667
-1.117492664734
-0.744009280131667
-1.08418684881767
-0.523123067287667
-1.06463689188633
-1.34574616766333
-0.834449990600333
-0.931292746929667
-1.19989006873
-0.00557748576033334
-0.733886410366333
-1.23473474904
-0.961227848983667
-1.15559389634333
-1.30276984952333
-0.0945009862391333
-0.769391699139
-1.41731722528333
-0.538404090072333
-1.153017649673
-0.976620592609667
-0.766682372119667
-0.814471035581333
-1.01735697775
-1.09178741314733
-0.917055863692667
-1.07788097215267
-0.762762164941667
-1.28731780586333
-1.13873984003367
-1.07387341114733
-0.995614247563333
-0.207766329424
-1.00657363644467
-1.31044837457
-1.07671850913467
-0.913976765537
-1.09343469405
-1.22837232239767
-0.782396124324333
-0.869968320745
-0.985267427464333
-0.493796885832333
-0.499887040311667
-0.998915711628
-0.889597159192333
-1.31192195806
-0.918053769279333
-1.16738527044333
0.307863043656667
-0.862635377235
-1.08447798949833
-0.489977778369333
-1.115762165861
-1.11799571290667
-0.942296904639667
-0.907657873506333
-1.25643857633667
-1.20882489600667
-0.219421052775667
-1.10741728563433
-1.02975590816333
-0.505376714479333
-0.876621915662
-0.692198440631667
-1.06766517146
-0.503491721195667
-0.871561944251
-1.17909563498067
-0.0621979406544667
-1.160117913265
-1.195363596867
-1.07748339083
-0.719888591793
-1.101726819059
-1.010431632133
-0.958827475732333
-0.258504021354733
-0.827356924435333
-1.00760007806933
-0.730336952715333
-1.23226277902667
-1.20651376028
-1.11365191264633
-1.11009698687667
-0.868994560484333
-0.640489470635
-0.872054550705667
-1.37763997785
-1.19869435442
-0.707296122628
-1.00396830121333
-0.276342635662433
-1.04068165924167
-0.558156924995
-1.14404783743667
-0.688100269745333
-0.675754499745
-0.747974858425667
-1.036755030394
-1.34099552446667
-0.841256816747
-1.36598976615
-0.960971789845333
-1.013999672833
-1.26650755501
-1.26495078612667
-0.351358738107333
-1.06498258018667
-1.29296212008333
-0.831201595738333
-1.14051416812
-0.909696227185
-0.553038362881333
-0.890596229274667
-0.801664750892667
-1.01248500244
-1.27093050313667
-0.316368433935967
-0.795130007464333
-1.15950155121167
0.347293480378
0.367714458926
-0.383778656355333
-0.705006575779667
-1.12571109852333
-1.2454426081
-0.986110899383667
-0.588075792141
-0.785827383285
-1.14097263603
-0.766937296791333
-0.636030550649667
-1.087681152109
-1.14888954405
-1.09495211514333
-0.938487070916333
-1.24173975129667
-1.10892662355167
-0.977666046571667
-1.11715987162433
-0.759818177958
-0.493506766563667
-0.932032790495667
-1.36541135795667
-0.359344753091367
0.168924318931033
-1.30471095277
-0.725584027476333
-1.19867594668
-0.993467571008
-1.25926967361333
-1.26343996330667
-1.25744798148
-0.270063562539333
-1.0199570982
-1.17956828870133
-1.46552898087667
-1.15416853462333
-1.09132085666667
-0.987403392181333
-1.01563821756867
-1.29858892296667
-0.650975478262
-1.11264501506133
-0.930564792665666
-1.29456647781667
-1.30915131191667
-1.17849935385333
-0.966286645879
-0.3789984603715
-1.07272115104467
-0.749735907112
-0.863217548047667
-0.941432988437333
-1.36723954188333
-1.13160062752333
-1.19348012573267
-0.812814741060333
-1.16369184629333
-0.937739667635333
-1.26869453024667
-0.774990420609333
-1.112639184652
-1.22379876983333
-1.17566373345333
-1.08970695346667
-0.733774214805333
-0.623872478088667
-0.911660458327333
-1.49243522299667
-0.733120270684
-1.06180716122
-1.09416262200333
-1.18956791618667
-0.973076147537
-1.07005889973133
0.05432392495
-0.264096907553333
-0.529330316178667
-1.11671135701433
-0.912701446619666
0.0299246168053333
-1.46574196761
-1.10721050957967
-1.22326405119333
-1.00045741734067
-1.34271045871667
-1.17830404977
-0.732633378271333
-1.06382680009667
-1.33497481161667
0.362266207289
-0.783859629414333
-1.25376692643667
-1.05458178520333
-1.19747739562
-0.902149547610333
-0.141971071459333
-1.01454979010667
-0.334744472831467
-0.752022602582667
-0.873877676846333
-0.739010000673333
-1.31015255299
-0.887247153764333
-1.27416383268
-0.979422977671
-1.30641683571667
-1.10859239905067
-1.51424116362667
-1.063464591079
-0.716211100631333
-0.921396906009333
-0.711868447304
-0.883531018248333
-1.24034041858
-0.527448021035
-0.940072816963333
-0.770164954535333
-0.180298758086267
-1.46087210425333
-1.21287789305667
0.117616766153333
-1.00899829576367
-0.946633452483333
-1.20040258848
-0.743981733307333
-1.14429543780667
-0.897531388100667
-0.517914494091667
-0.996525432305667
-0.865387624470333
-0.97860179987
-0.519693929291667
-1.18792089584
-0.779161638341333
-0.826533764251
-1.30825460173333
-1.11580668339033
-0.650485297029
-1.413990729795
-0.417821816079333
-0.576836341781667
-1.08759755272333
-1.00692765378767
-1.05014374889133
-1.40189664892667
-0.691520039046667
-0.902470453016667
-0.670300159318333
-0.71728002264
-1.054711061891
-0.874245032047333
-1.08354963672
-1.24124287773333
-1.46429301115667
-1.13357733246333
-1.13879733009
-1.19919374335
-0.867626802940333
-0.379224521736
-0.903349516663333
-0.954459143569
-0.750533113114
-0.641357433942
-0.919155089391
-1.12408454943
-1.164671916012
-0.973570562561333
0.598089934105333
-0.3898647578439
-0.965419292416
-0.584702688815767
-0.866865977090666
-1.08627340691567
-1.01971343484533
-1.160115457091
-0.978870316883
-0.992442028952667
-1.12336779642333
-1.19190952156667
-0.856635942884667
-0.997761059105667
0.493799735443
-0.656345355212667
-0.655238617408667
-0.620103627382
-1.045502477112
-0.869515700442667
-1.15588892719667
-1.11459204533467
-0.997048555315
-0.912957702658
-0.858014313112333
-0.885268326187
-1.32480527021667
-0.512563085190667
-0.875237821288333
-0.597858377124
-0.954480882406
-0.668560176865333
-0.1677317926784
-0.608342331101
-1.111261739845
-0.178890837614733
-0.834220020951667
-1.24183309198
-1.24644366186667
-0.772140970967667
-1.41151135933667
-0.681302528665667
-0.75488987227
-0.853431098881
-0.737955224799667
-0.728285518707
-1.14780582282733
-0.617962542698333
-1.020539792557
-0.758788520989
-1.17433828269333
-0.792041693203333
-0.671146381491
1.00010632208267
-0.700235523060333
-0.71001627677
-1.31745258804333
-1.22754789777
-0.791127782205
-0.758435005632667
-0.326193992747
-1.00829365247367
-1.52455051562
-1.32342472984
-0.756033687755667
-1.05172726677133
-0.822760741528667
-1.10960283757
-0.980035684343333
-0.658256248711667
-0.913387000569
-0.879112388824667
-0.212961478879967
-0.902636226364
-0.838660892385333
-1.22236098746
-1.37825446488333
0.0536358264146667
-1.41714897994667
-0.871845309004
-1.15028757323
-1.53493242596667
-0.587006618152
-0.86357853983
-0.927823490217333
-1.17671346834333
-1.12278599860333
-0.795576690663333
-0.723617902460333
-1.15873560957333
-0.914619473231667
-1.29501566261
-1.20304271543667
-1.25707434363333
-0.698230735853667
-0.602474760867333
-1.10491693809667
-0.845953507988667
-0.805131418173333
-0.803125372357
-0.814564558854667
-0.984592021934
-0.887614452076
-0.92469793117
-0.873966123115333
-1.29636954769
-1.03503101916633
-1.24024919417333
-0.291771508892333
-1.12322881591333
-0.257685631798133
-0.568702142771667
-0.4328684487121
-1.12094562152633
-1.21967132886
-0.871816415216333
-1.00285476759233
-1.19742264718267
-0.944530897219667
-0.507598343784333
-1.42900654968667
-1.24234779068667
-1.06595095425767
-1.19023997262667
-1.04774192358967
-0.919643852454
-0.977304155809667
-1.09380847190333
-1.07929049291
-1.14235118669733
-0.794359843251
-0.351851263284667
-0.707642405020333
-1.21331161956667
-1.11946439330533
-1.030853442901
0.616899946201
-0.293107585467667
-1.37085387223667
-1.04967225887433
-1.06838538776367
-0.946173776178
-0.962459203125
-0.565042242175667
-1.2046465076
-1.076530675247
-0.949016232517667
-1.29240618961333
-1.037005313988
-1.18254081558
-0.909096729656667
-0.846550377593
-0.850082932235667
-1.061499789319
-1.32154571170833
-0.972486707885
-0.837882521709333
-1.26707130879
-0.415717009930667
-1.10452455773333
-0.416431849163167
-1.06010185452567
-0.840956021478667
-0.952771124263667
-1.174164777268
-1.12010883934933
0.522992436086667
-0.954659595823333
-0.616566728755
-1.08466821631333
-1.33260670769
-1.01577742159633
-0.818989147488333
-1.03817560020267
-0.807914238059333
-0.813854022963333
-1.043917770601
-1.16139730010033
-0.780983447168
-1.188740940565
-0.863169317216667
-0.795189876449
-1.10773553310433
-0.189833024152667
-1.46665560769
-0.566174919999
-0.579212638327
-1.088549154851
-0.613927025423667
-1.36871922941667
-1.18454211274667
-1.38737860579
-0.895236707950333
-0.672149110672667
-1.05138565758567
-1.200050766935
-0.667459625694
-0.680135187074
-1.05011665643433
-1.081721955103
-1.16829858384
-1.17134461763667
-1.21903754229333
-0.618263363617667
-0.685303650426333
-0.610019291313667
-0.976226800155333
-0.952297330800333
-0.712463636871333
-1.08602180023033
-1.29497246237333
-0.771923284101333
-1.22101049669333
-1.12215642329767
-1.25368584728167
-1.08105807537267
-1.07976335065667
-1.07481021536233
-0.212436590145
-1.44551974585667
0.0710361532061
0.364785768016
-1.06839939595733
-1.14133209089033
-1.14968223427067
-0.845436940503
-1.1794593692
-1.144959567209
-1.18777243444667
-0.887970853060333
-0.806781249495
-0.607266575258
-0.892484272415333
-1.25555380694
-0.802452318605667
-0.909746111506667
-1.32507563490333
-1.05504347550633
-0.895886608699333
-1.20432322316
-0.560409665591333
-1.24953139547667
-1.14943725813467
-0.825732548317333
-1.28671219381667
-1.32618816038
-0.827575343279333
-0.621744751265667
-0.731640995527
-1.07282843194567
-0.991951697928333
-0.218022670924567
-0.959998207277
-0.721185052166
-1.04115886076767
-0.961136307273667
-1.13161346673667
-0.891116199072333
-1.18178672669
-0.811290144926
-0.367687263093
-0.839255880925
-1.11809141898933
-1.35264355807333
-0.330154432735567
-0.946978778491333
-1.48614486025
-1.20188456129333
-0.835462797360333
-1.17005959338
-1.11704345217933
-1.08004248786767
-0.807513592696
-0.677730801020667
-1.17102044533667
-1.18993693625333
-1.15270048899767
-1.24863815924667
-0.793915244403333
-1.11362537910367
-1.12271014978567
-0.754727622872333
-0.546161508733
-0.651717408879333
-0.688346352355
-0.986421636721
-0.658479767635
-1.13187639234667
-0.887387596479667
-0.870170539063
-0.720402045310333
-1.29478576316667
-1.02484217578467
-0.472376902003667
-0.973749810832667
-0.855387938064333
-0.502702891908333
-0.766705922322333
-1.2204735977
0.885262959081667
-0.950417018382333
-1.26442970056667
-1.04319349747767
-1.023894695912
-1.05420101936667
-1.23738487942333
-0.389970387167
-1.38591743628333
-1.095147616904
-1.20743345840333
-1.26470732697667
-1.31614830065667
-0.992170730008333
-1.009062922713
-0.78185546057
-1.30133036225
-1.05923838655333
-1.02122844145367
-0.985779588427333
-1.46358078974667
-1.3483514359
-1.04144135135933
-0.484467126317667
-0.368110593258667
-1.077063068397
-0.918950876882667
-1.06982182612667
-0.788630068258
-0.977838054577
-1.21756264754333
-0.843917311666
-1.33547196568667
-1.17269046254667
-0.771802970514667
-0.804853398736
-1.20092952694333
-0.996220847748
-0.991855146828
-1.13883950232333
-1.27210977779333
-1.18663043717167
-0.654532492969667
-1.18196837596333
-0.80028467454
-0.599443755310333
-0.918595678255333
-1.26256691369667
-1.37556790135333
-0.904117628188
-0.935534262732333
-1.02889825018267
-0.98364552144
-0.613897278149333
-1.35197580573667
-1.30000666038767
0.161367884072667
-1.10242195453567
-0.916113745033333
-1.25690260634333
-1.08344796188733
-0.522903141875333
-0.413290010194333
-1.101278276005
-0.976223025918
-1.04772481341333
-0.873671395003
-1.37493543000333
-1.161237644814
-0.448212232288
-0.925564119678667
-0.640887000660667
-1.10148446327467
-0.707312498784667
-1.16609289393667
-0.918271655828
-1.014175640079
-1.33465893597333
-1.15040702013333
-0.941390550611
-1.31618936256333
-1.03227664296767
-0.44955292872
-0.904171909968333
-1.36126225156333
1.00010254110167
-1.19307190005667
0.762145211241667
-0.926439377077333
-0.994055143142333
-1.23436619158667
-0.993949346022333
-0.4241694684911
-1.06728657312333
-0.97032962904
