-0.438529458885
-0.800856049167
-0.983067227881
-0.986213216238
-1.11276440311
-1.04855348369
-0.954850565696
-0.579226416699
-0.824664421761
-0.936869468818
-1.25487151792
-1.21351063304
-0.983629398195
-1.1459510778
-0.516024748792
-0.840378637508
-0.760180125775
-0.914456134116
-0.205296797747
-1.16879450069
-1.03912932726
-0.94214388753
-0.800214913136
-1.1718577427
-0.967327282434
-1.00386274463
-0.936068790092
-1.16196908176
-0.758273039545
-1.09926873991
-0.765842033452
-0.792002341711
-1.16991142741
-0.833667934368
-0.631797950907
-1.15217594977
-0.832014241964
-0.817738358112
-0.790302737622
-0.782256496503
-1.13636121589
-0.881470015991
-1.29297753473
-1.02074380218
-0.411835131949
-0.898295780716
-0.750248940155
-0.900247564859
-0.923214523754
-1.02424970333
-0.354521949254
-0.623561483749
-0.810587164673
-0.374283483443
-1.06087563714
-0.501907951624
-1.07963191739
-0.613463280576
-0.815365455732
-0.97483768132
-0.848829522182
-0.902972883992
-0.98432130434
-1.13696947448
-0.657218490203
-0.497986980598
-0.749875454577
-1.01871670672
-0.890877484311
-1.08223377121
-0.542238377455
-1.07985082388
-1.33186386888
-0.730493323311
-0.931675172531
-0.942985629519
-1.2432686895
-0.666650552027
-1.00149743742
-0.758735136495
-0.863503740797
-0.929600448405
-1.00155942139
-0.869641679331
-1.13578940189
-0.871977329033
-0.676084264919
-1.05877871709
-1.04440546826
-0.851991651014
-0.935790370089
-0.926927660412
-1.07333889039
-0.881078264937
-0.363661341607
-1.12505546829
-1.09881729149
-0.835811381959
-0.901817629978
-1.11316969108
-0.841571260504
-1.1145668566
-0.852093962776
-1.19108138926
-0.760585245219
-1.33952816664
-1.15758983056
-0.717567144109
-1.05108245578
-1.02450692072
-0.830144045009
-0.653420683268
-1.03082276336
-0.245176640842
-1.09562904654
-0.567705542257
-1.06227607345
-0.458796635098
-0.891046643486
-1.36502809158
-0.983205310002
-0.401216166013
-0.695245379744
-0.667424731236
-1.1435498338
-0.926356798308
-1.34687627833
-0.587652354853
-0.559102326434
-0.38629332766
-0.497637418496
-1.12708013031
-1.11196648427
-0.884583489434
-0.37660846835
-1.16431282737
-0.406280967359
-0.981251313356
-0.957142877226
-0.954846268045
-0.762963797755
-0.550460235083
-0.984108309202
-1.0151778847
-0.522201272886
-0.915535870863
-0.838657146134
-0.904839284355
-0.823256211153
-0.89492035112
-0.916309731788
-1.10805532094
-1.0969896633
-1.28414908492
-0.676090839116
-1.11208489946
-0.484308457255
-0.782920086521
-0.8102338874
-1.13704841544
-0.957460025565
-0.706429435877
-0.850418378176
-0.88075145702
-0.796327363524
-1.30274599327
-0.540323819948
-1.22021766143
-0.862350256028
-1.0448578258
-1.30879863346
-0.66783576555
-1.03733218485
-0.91720546886
-0.928078850398
-1.05050428814
-1.17779584541
-0.723974282175
-1.23597577928
-0.759887511412
-0.497858262122
-1.14127823845
-0.989429949534
-0.331016109571
-0.82509219717
-0.709050744336
-0.834794039583
-0.780244008483
-1.02669033127
-0.905113417907
-0.63148615687
-1.18339880632
-0.867700888165
-1.13508668664
-0.83262917163
-0.740635026365
-0.639794060226
-1.01488307607
-1.29873161624
-0.876083057441
-0.889668378534
-0.813968151034
-0.956916744999
-0.851077759803
-0.827993265224
-1.1047351418
-0.942756076843
-0.824864229364
-1.38791349546
-1.09816064569
-0.615703931838
-1.0801529788
-0.668595061054
-0.67304816237
-0.758796260647
-1.08205941829
-1.04206962303
-1.04079408824
-1.06659493838
-0.696105876825
-0.431587516827
-0.827240026757
-0.944687783686
-0.613531713161
-0.982945327389
-0.986950935294
-0.613744800897
-0.473376702031
-0.982798913413
-1.11762320387
-1.02535338733
-1.05477496848
-1.29364999943
-0.758038849736
-0.805023490516
-1.02298801455
-0.937932752564
-0.400485245239
-0.658585176651
-0.782023765138
-0.725989443113
-1.16177381744
-1.03778774599
-1.04631857629
-0.80894263521
-0.659793372623
-1.06291340278
-0.67373278185
-0.942455838045
-0.889628133315
-1.17690481137
-1.05812592283
-1.09603436892
-0.967534031211
-0.775078591287
-0.695847387445
-1.07030492582
-0.936192288415
-0.870311644373
-1.06615799635
-1.16846402545
-0.511469159522
-0.934770788366
-0.903710382849
-1.17652647588
-1.07546611884
-0.683770350307
-0.802733079305
-0.204856068665
-0.813074010748
-1.03366063102
-0.590191929563
-0.345823138491
-0.979885647166
-0.787138543553
-0.505079414782
-1.07699440534
-0.706971749859
-1.07987839208
-1.17876459661
-0.863255353556
-1.0097846595
-1.09051346801
-0.623104008903
-1.24586461176
-1.15955264361
-0.54807896199
-1.1795771143
-1.24130347609
-1.24531223376
-1.20492545611
-0.885781637306
-0.669847847911
-1.18263167549
-1.00691565655
-0.973568328796
-0.914949988222
-0.873509805122
-1.07514126119
-0.330370905727
-0.884944606424
-1.02239208375
-0.809045590387
-0.5517881228
-0.883698584599
-1.03932262955
-0.808881317131
-0.905980013467
-1.10734304332
-0.77431640542
-0.262843584001
-1.02062936146
-1.121429118
-0.649450584115
-1.03716742103
-0.693515486023
-0.553503047957
-0.666787611386
-1.01178306708
-0.388356432787
-0.884847619668
-1.12794912984
-0.529115442087
-0.619585667227
-0.356204888616
-0.911535205465
-1.04913462624
-0.629380642825
-0.842585850406
-1.043529366
-0.730971481798
-0.773768465095
-0.583671503316
-0.643750041071
-0.703296197023
-0.875427210903
-1.04055164906
-0.765683392478
-1.15632950127
-0.88199595426
-0.66589481855
-0.658517517641
-1.23682615124
-0.505106526068
-1.20664726858
-0.664817775926
-1.08177398198
-0.765986965475
-1.06539302074
-0.297253679759
-1.09291474052
-0.825815526783
-0.807371436713
-1.16384316353
-0.918832126303
-1.04654273315
-0.414340033156
-1.08190896746
-0.636806927361
-0.748581384273
-0.918716726077
-0.717639640145
-0.855964303197
-1.25001664484
-1.19080505273
-0.795979623774
-0.930987867111
-0.990213500065
-1.10850680692
-0.656299989106
-1.17984151246
-0.764422254577
-0.779840155591
-0.334007644952
-1.14633392439
-0.809552697466
-0.656530970543
-0.813611762205
-1.05470214968
-1.03878650779
-0.463510499053
-0.738409634955
-0.915107495208
-1.03383482478
-1.14281881979
-1.09791717908
-1.11147651869
-1.00149652046
-0.801195671226
-0.633866797114
-0.71647703057
-1.16625119411
-0.721380319642
-0.861723548783
-0.632703019921
-1.05914643391
-0.404812179717
-0.923071593871
-0.916397558484
-1.02832187425
-1.16476281768
-1.03375694176
-0.627905428153
-0.972475583595
-0.959181728286
-1.11889294917
-1.24838450598
-0.5741102788
-0.251418350017
-1.09068906323
-0.862461232917
-0.735657057782
-0.837091158886
-1.42488069815
-0.729274971465
-0.932015087815
-1.01833785087
-0.703972487871
-0.998838208257
-0.945149327713
-1.11622453866
-0.458928508871
-1.13707586384
-1.01093993515
-0.711111685744
-0.703682259425
-1.00912975151
-0.382051321058
-1.20011110259
-0.884936494904
-0.734731867858
-0.868332534069
-0.902296911891
-0.49376810595
-1.11298953658
-1.2143829415
-1.17559205488
-1.21546606713
-0.922199102493
-0.912171242327
-0.948087753166
-0.509101709562
-0.676160507443
-0.919802816799
-1.02141119514
-0.93839487266
-0.857631827109
-1.23231810653
-1.04778410464
-0.795735452714
-1.03421621295
-1.19543113951
-1.25895603072
-0.737790794253
-1.1701168021
-0.708049525498
-1.1556029604
-1.10020963071
-0.881057904418
-0.975029160184
-0.886263838538
-0.810248864393
-0.897030182955
-0.682824113609
-0.988748311111
-0.855082825049
-0.450929566416
-0.599797843091
-0.846036592977
-1.0679744977
-1.25521943078
-1.16871860197
-0.712467756159
-0.992542071868
-0.936577260001
-0.749426053504
-0.87615819909
-0.939827618375
-0.932800624974
-1.21045154892
-0.867705642444
-0.706722584919
-0.428794468991
-1.07294987544
-0.960528723693
-1.11253251356
-0.993757152711
-0.943772011759
-1.22776244237
-1.06666058832
-0.866279570103
-1.18586582925
-1.2292772733
-0.72755552266
-1.04902750069
-0.898556770527
-0.82756123242
-1.07274071708
-1.09968937179
-0.991599835069
-1.15074661609
-0.973046997191
-0.988494220423
-1.06467482738
-0.886192428216
-0.907739259981
-0.416943205661
-0.949852677542
-1.23040103483
-1.14661438975
-0.964892906623
-0.865529705652
-0.574245821607
-0.804395902965
-0.720367501254
-1.1575239178
-1.18412791805
-0.656944021133
-0.197264506351
-0.574203380829
-1.28938015496
-0.986252013407
-1.11970994053
-1.01212580834
-0.61418094686
-0.825250560797
-0.969804804681
-1.11262347949
-1.21334732648
-1.16142324743
-0.909446554407
-0.714309398528
-0.62421588067
-0.725611681376
-0.750191165921
-0.614844369723
-0.693603933797
-0.490340010851
-1.09440998529
-0.745177721888
-0.830603993976
-0.422024371155
-1.00462067547
-0.991212033768
-1.13285217844
-1.07162045863
-0.696699814065
-0.557460522036
-0.693665374225
-0.76024534006
-1.07175294542
-0.846916998915
-0.972441049407
-1.12662774722
-1.02645657836
-0.962190163628
-1.1518630106
-1.1562184445
-1.09560523627
-0.749675551963
-0.905777761469
-0.395451137718
-1.00010471766
-0.824101303972
-0.88626537836
-0.862265779795
-1.13266546564
-1.31229279324
-0.915427721759
-0.877752992778
-0.661050155471
-1.24913983411
-1.03779501274
-0.661835601991
-1.01519371952
-1.08389333383
-0.293785643606
-0.737988557194
-1.08708315272
-0.505750720105
-0.691367037517
-0.912268238465
-0.942581182917
-0.970985932918
-0.797525409988
-0.436563738191
-1.16272358572
-1.03808365329
-0.792186243085
-0.619702336102
-0.513028301636
-0.678683349549
-1.26546839382
-0.774692869828
-0.421781914541
-0.807246633651
-1.12148166983
-0.808837986184
-0.919803248532
-1.22138575439
-0.75082021063
-0.540072113053
-1.1507886108
-0.490602515185
-0.991015153721
-0.75786717928
-1.10702468883
-0.709790352577
-1.13943606881
-0.854629363052
-0.789392740991
-0.993349311583
-0.828934073618
-0.721328402979
-1.02656875175
-0.687287256076
-0.884217122624
-1.1534455594
-0.909908002066
-0.966010085325
-0.753208745251
-0.76722697724
-1.09901556165
-0.895416513439
-1.07128326141
-0.950131953249
-0.853246586788
-0.974106505901
-0.812311336638
-1.09154285064
-1.01526511746
-0.945737419955
-1.17931015758
-0.627543098276
-0.834303133828
-0.589404520448
-0.817585594366
-0.831488510047
-1.04435724049
-1.13639238111
-0.785421670468
-1.22960176777
-1.04333879266
-0.519529035859
-0.978068544519
-0.735998404546
-1.07270894673
-0.456173595402
-0.896156074254
-1.03484285207
-0.90152943978
-0.957077663469
-0.845716792429
-1.09669907626
-0.915306061107
-0.879748346872
-0.894111937756
-0.665788650482
-0.480435852032
-1.06069115813
-1.04905272065
-0.794177553825
-0.60771100787
-0.856700566477
-0.897431874954
-0.299967757333
-0.672919816834
-1.17852031206
-0.808623297059
-0.897699831857
-0.345468140603
-0.657396092288
-0.792485100873
-0.761925293704
-0.930234611552
-0.258955261771
-1.10427115074
-1.12221823335
-0.543648213444
-0.823453910392
-0.461718749776
-0.647468029573
-0.820812537113
-0.780407038332
-0.931490912079
-1.08522998019
-1.2225401676
-0.804844161601
-1.16415326534
-0.507055367258
-0.963727474907
-1.01338516277
-0.423372479395
-1.10170289651
-1.09332498924
-0.920102882075
-1.03098114682
-0.394883278896
-0.411591640912
-1.02628145144
-0.474075538415
-0.548027532919
-1.19120481377
-1.13439078478
-1.13944150687
-0.95321955991
-0.793925860948
-0.942720085843
-0.549379328012
-1.12567646272
-0.777295716048
-1.06420384045
-0.796774298312
-0.564534314494
-1.15770219681
-1.22200751467
-1.11013684406
-1.09004588317
-0.850972472143
-0.627666880856
-1.14538317523
-1.12707032028
-0.618552642623
-0.718155828909
-1.11851607839
-0.722058304058
-0.703868447241
-0.854239444845
-0.983429056277
-1.07014641332
-0.633386526461
-1.11368838088
-0.764675282352
-0.891586155608
-0.823791692318
-0.872858717572
-0.672855091075
-1.05045977676
-0.956033160385
-1.15733759013
-1.21037101207
-1.10407401002
-1.10485672179
-0.584236316442
-0.939611874676
-1.02449391445
-1.00471466674
-0.685792860471
-0.912461225868
-1.10251572999
-0.60662686537
-0.99649509856
-1.14078458962
-0.832209615072
-0.44860474336
-1.13182983868
-0.902204859005
-0.605879221457
-0.990684494341
-0.813424729236
-1.13157999795
-0.889507766368
-0.959638111407
-0.785497972136
-0.867422261769
-0.48665908058
-0.585243952389
-0.566724702326
-0.739022349431
-1.05420238835
-1.06778502929
-0.660628335731
-0.706863655539
-0.782261140452
-0.699978445112
-1.04492280192
-0.675354710125
-0.255169604941
-1.11053312899
-1.11540545745
-0.825415062436
-0.787014398536
-1.00732084956
-0.912418760614
-0.892195821908
-0.831596402721
-0.963225337599
-0.385112699533
-0.775874460283
-1.17369878891
-0.66988798158
-0.353053813439
-0.919494886297
-0.96978372354
-0.739506272052
-0.522355791411
-0.831328519932
-1.15290096489
-0.940597728342
-1.06163916206
-0.963280462005
-1.20937528474
-0.253049348582
-0.85411642008
-1.10096357622
-1.082539913
-0.658944322933
-0.992133349576
-0.997918203478
-0.830435491361
-0.376726768805
-0.8051171316
-0.527633811455
-0.83335725694
-0.792900973941
-0.690268962059
-1.08754016795
-0.98936068567
-0.737241114114
-0.993315769955
-0.797606882496
-1.21600221267
-0.242412549388
-0.604048078634
-1.12069846923
-1.0614507854
-0.928851062466
-0.74488273809
-0.855704698541
-0.692420323366
-0.706727101842
-0.928117191535
-0.430496174071
-0.924674432997
-0.856159254706
-0.525368438367
-0.989174218927
-1.14392849992
-0.796484603213
-0.536426545138
-1.10698828738
-0.716028105081
-1.18041579286
-0.567574349219
-1.04148588395
-0.562285892256
-1.04690641772
-1.34401726416
-0.847522575294
-0.858762560451
